666051853826850816
666104133288665088
666268910803644416
666293911632134144
666362758909284353
666411507551481857
666786068205871104
666837028449972224
666983947667116034
667012601033924608
667065535570550784
667188689915760640
667369227918143488
667437278097252352
667443425659232256
667549055577362432
667550882905632768
667724302356258817
667766675769573376
667782464991965184
667866724293877760
667873844930215936
667911425562669056
667937095915278337
668142349051129856
668154635664932864
668226093875376128
668291999406125056
668466899341221888
668544745690562560
668614819948453888
668620235289837568
668643542311546881
668645506898350081
668981893510119424
668988183816871936
668992363537309700
669015743032369152
669214165781868544
669351434509529089
669571471778410496
669583744538451968
669661792646373376
669682095984410625
669749430875258880
669923323644657664
669972011175813120
670037189829525505
670055038660800512
670069087419133954
670079681849372674
670361874861563904
670408998013820928
670417414769758208
670420569653809152
670449342516494336
670465786746662913
670468609693655041
670474236058800128
670668383499735048
670727704916926465
670733412878163972
670783437142401025
670826280409919488
670838202509447168
670842764863651840
671159727754231808
671166507850801152
671347597085433856
671362598324076544
671390180817915904
671488513339211776
671497587707535361
671511350426865664
671533943490011136
671538301157904385
671544874165002241
671547767500775424
671744970634719232
671763349865160704
671855973984772097
671874878652489728
671879137494245376
671882082306625538
672231046314901505
672256522047614977
672475084225949696
672591271085670400
672609152938721280
672614745925664768
672828477930868736
672884426393653248
672898206762672129
672902681409806336
672970152493887488
672984142909456390
673148804208660480
673363615379013632
673576835670777856
673697980713705472
673700254269775872
673715861853720576
674008982932058114
674045139690631169
674063288070742018
674265582246694913
674318007229923329
674372068062928900
674632714662858753
674664755118911488
674690135443775488
674754018082705410
674767892831932416
674781762103414784
675113801096802304
675135153782571009
675153376133427200
675483430902214656
675501075957489664
676098748976615425
676215927814406144
676776431406465024
676897532954456065
676942428000112642
676948236477857792
677228873407442944
677573743309385728
677662372920729601
678675843183484930
678767140346941444
679503373272485890
679527802031484928
679877062409191424
680085611152338944
680176173301628928
680206703334408192
680221482581123072
680440374763077632
680583894916304897
680798457301471234
681242418453299201
681302363064414209
681679526984871937
682003177596559360
682047327939461121
682059653698686977
682242692827447297
682406705142087680
682697186228989953
682788441537560576
684122891630342144
684200372118904832
684567543613382656
684880619965411328
684959798585110529
685547936038666240
685667379192414208
686003207160610816
686749460672679938
686947101016735744
687102708889812993
687476254459715584
688179443353796608
688211956440801280
688894073864884227
688908934925697024
689289219123089408
689659372465688576
690248561355657216
690932576555528194
690938899477221376
691090071332753408
691820333922455552
692417313023332352
693486665285931008
693590843962331137
693647888581312512
694669722378485760
694905863685980160
695064344191721472
696877980375769088
697482927769255936
697881462549430272
699088579889332224
699691744225525762
700062718104104960
700796979434098688
702932127499816960
703041949650034688
703407252292673536
703631701117943808
704113298707505153
704819833553219584
706593038911545345
706901761596989440
707693576495472641
707995814724026368
709901256215666688
711652651650457602
711694788429553666
711968124745228288
712065007010385924
712092745624633345
714631576617938945
715360349751484417
717790033953034240
718454725339934721
719704490224398336
720340705894408192
728653952833728512
729113531270991872
729838605770891264
729854734790754305
730196704625098752
731156023742988288
735274964362878976
737310737551491075
737322739594330112
740365076218183684
740699697422163968
742161199639494656
742465774154047488
742528092657332225
743510151680958465
743595368194129920
745314880350101504
746906459439529985
747204161125646336
747461612269887489
748307329658011649
748692773788876800
748705597323898880
749981277374128128
750506206503038976
753420520834629632
754482103782404096
754747087846248448
755206590534418437
756526248105566208
757596066325864448
757597904299253760
760190180481531904
760252756032651264
760641137271070720
761371037149827077
761672994376806400
761745352076779520
762035686371364864
762316489655476224
767191397493538821
767884188863397888
768193404517830656
770655142660169732
771004394259247104
771014301343748096
775729183532220416
775733305207554048
776113305656188928
778396591732486144
779377524342161408
780931614150983680
781955203444699136
783839966405230592
785639753186217984
788039637453406209
792913359805018113
793135492858580992
794205286408003585
795076730285391872
798673117451325440
800018252395122689
800443802682937345
800459316964663297
801285448605831168
802323869084381190
803380650405482500
804026241225523202
805487436403003392
812503143955202048
815390420867969024
816450570814898180
819006400881917954
819015331746349057
819924195358416896
820078625395449857
824297048279236611
824796380199809024
825876512159186944
828046555563323392
832769181346996225
834167344700198914
836380477523124226
836677758902222849
837012587749474308
837482249356513284
838916489579200512
839290600511926273
840370681858686976
840696689258311684
844580511645339650
847962785489326080
847971574464610304
849051919805034497
849336543269576704
851464819735769094
851861385021730816
852226086759018497
852311364735569921
853299958564483072
859074603037188101
860184849394610176
860276583193509888
860924035999428608
862457590147678208
863907417377173506
864873206498414592
870063196459192321
870804317367881728
879050749262655488
880935762899988482
881268444196462592
886680336477933568
887517139158093824
892420643555336193
