886267009285017600
886054160059072513
885518971528720385
884247878851493888
881633300179243008
879674319642796034
879130579576475649
878604707211726852
878404777348136964
878316110768087041
876537666061221889
875097192612077568
874434818259525634
873337748698140672
871166179821445120
871102520638267392
870726314365509632
868639477480148993
866720684873056260
866094527597207552
863471782782697472
863427515083354112
860981674716409858
860177593139703809
858860390427611136
857214891891077121
857062103051644929
856330835276025856
856288084350160898
855862651834028034
855860136149123072
855857698524602368
855818117272018944
855245323840757760
855138241867124737
852936405516943360
850333567704068097
849668094696017920
848213670039564288
847978865427394560
847617282490613760
846505985330044928
846139713627017216
845098359547420673
843981021012017153
841320156043304961
840761248237133825
840728873075638272
840698636975636481
838952994649550848
838831947270979586
838201503651401729
838150277551247360
838085839343206401
836648853927522308
836397794269200385
835685285446955009
835536468978302976
835309094223372289
835246439529840640
834477809192075265
834089966724603904
833732339549220864
832682457690300417
832645525019123713
832215909146226688
832088576586297345
831926988323639298
830173239259324417
828801551087042563
828361771580813312
826615380357632002
826598799820865537
825120256414846976
824025158776213504
823719002937630720
823333489516937216
822163064745328640
821421320206483457
821153421864615936
820837357901512704
820494788566847489
820013781606658049
819238181065359361
818646164899774465
818307523543449600
817908911860748288
817502432452313088
816062466425819140
815745968457060357
814578408554463233
813130366689148928
811647686436880384
808344865868283904
806620845233815552
806576416489959424
805823200554876929
804475857670639616
803321560782307329
802600418706604034
802185808107208704
801854953262350336
801127390143516673
800859414831898624
800855607700029440
800188575492947969
799308762079035393
798705661114773508
798701998996647937
798686750113755136
798682547630837760
798585098161549313
798576900688019456
797165961484890113
796904159865868288
796563435802726400
796125600683540480
791821351946420224
791784077045166082
791780927877898241
791774931465953280
790227638568808452
789960241177853952
789903600034189313
789314372632018944
789280767834746880
788552643979468800
787111942498508800
786729988674449408
786286427768250368
786051337297522688
785515384317313025
784183165795655680
784057939640352768
781655249211752448
781308096455073793
780092040432480260
780074436359819264
779124354206535695
778774459159379968
778764940568104960
777953400541634568
776249906839351296
775350846108426240
773336787167145985
771908950375665664
769335591808995329
768909767477751808
768554158521745409
766864461642756096
766714921925144576
763956972077010945
763167063695355904
760521673607086080
760153949710192640
759943073749200896
759446261539934208
758099635764359168
753298634498793472
753039830821511168
752932432744185856
752701944171524096
752568224206688256
751950017322246144
751793661361422336
750381685133418496
749075273010798592
748337862848962560
748220828303695873
747651430853525504
747648653817413632
747439450712596480
747242308580548608
746757706116112384
746542875601690625
746521445350707200
745074613265149952
744223424764059648
743835915802583040
742534281772302336
741099773336379392
739623569819336705
738891149612572673
736392552031657984
734559631394082816
727155742655025152
725458796924002305
717428917016076293
716730379797970944
716447146686459905
715758151270801409
715704790270025728
714962719905021952
714485234495041536
713909862279876608
712309440758808576
710609963652087808
710296729921429505
709179584944730112
708853462201716736
708400866336894977
707983188426153984
707738799544082433
707629649552134146
706904523814649856
706169069255446529
706153300320784384
704491224099647488
704134088924532736
702899151802126337
702332542343577600
701805642395348998
699060279947165696
697630435728322560
697516214579523584
696744641916489729
696518437233913856
696490539101908992
696100768806522880
694925794720792577
694342028726001664
693993230313091072
693644216740769793
693582294167244802
693267061318012928
692423280028966913
692041934689402880
691793053716221953
690989312272396288
690607260360429569
690348396616552449
689993469801164801
689255633275777024
687841446767013888
687732144991551489
687399393394311168
686760001961103360
686394059078897668
686286779679375361
686035780142297088
685681090388975616
684969860808454144
684830982659280897
684588130326986752
684147889187209216
683515932363329536
682808988178739200
682088079302213632
681340665377193984
680805554198020098
679872969355714560
679405845277462528
679001094530465792
678708137298427904
678023323247357953
677961670166224897
677335745548390400
676916996760600576
676593408224403456
676590572941893632
676121918416756736
675849018447167488
674742531037511680
674606911342424069
674330906434379776
674307341513269249
673716320723169284
671550332464455680
669684865554620416
668967877119254528
668587383441514497
667070482143944705
